1 0 148 0
4 437 681 635
5 0 140 0
6 141 444 5
7 141 399 5
10 400 680 7
11 400 631 7
13 423 713 634
14 423 717 634
16 445 714 6
17 445 703 6
19 681 979 10
20 681 1086 10
22 632 879 11
24 632 892 11
27 682 961 4
28 682 919 4
29 683 935 592
30 683 957 592
32 714 972 13
33 714 970 13
34 704 950 17
36 715 973 16
42 704 973 17
44 715 926 16
45 718 1057 14
46 718 1017 14
47 880 1137 22
49 880 1125 22
51 893 1122 24
52 893 1144 24
54 920 1200 28
55 920 1225 28
64 927 1200 44
65 927 1229 44
67 936 1208 29
68 936 1190 29
70 951 1212 34
71 951 1220 34
72 958 1222 30
73 958 1234 30
75 962 1306 27
77 962 1280 27
79 971 1216 33
80 971 1230 33
82 973 1313 32
83 973 1285 32
85 974 1763 36
87 974 1246 42
88 974 1258 36
89 974 1262 42
90 980 1275 19
92 980 1284 19
93 1018 1302 46
97 1018 1310 46
98 1058 1343 45
106 1058 1356 45
107 1087 1410 20
108 1087 1441 20
110 1123 1498 51
111 1123 1425 51
112 1126 1396 49
113 1126 1605 49
114 1138 1443 47
116 1138 1433 47
118 1145 1432 52
119 1145 1576 52
120 1191 1439 68
123 1191 1576 68
125 1201 1505 54
126 1201 1526 54
128 1201 1526 64
129 1201 1495 64
130 1209 1467 67
132 1209 1585 67
133 1213 1467 70
135 1213 1475 70
137 1217 1717 79
138 1217 1398 79
139 1221 1562 71
142 1221 1568 71
144 1223 1446 72
145 1223 1489 72
147 1226 1540 55
148 1226 1528 55
150 1230 1578 65
151 1230 1422 65
153 1231 1595 80
154 1231 1409 80
155 1235 1509 73
157 1235 1490 73
159 1247 1509 87
160 1247 1560 87
164 1259 1582 88
166 1259 1556 88
176 1276 1562 90
177 1276 1588 90
179 1281 1479 77
180 1281 1569 77
181 1285 1571 92
183 1285 1570 92
184 1286 1691 83
186 1286 1660 83
196 1303 1561 93
197 1303 1616 93
198 1307 1592 75
200 1307 1608 75
203 1311 1540 97
205 1311 1543 97
206 1314 1719 82
208 1314 1708 82
220 1344 1692 98
221 1344 1590 98
223 1357 1689 106
224 1357 1680 106
228 1397 1717 112
230 1397 1743 112
231 1399 1649 138
232 1399 1641 138
234 1410 1671 154
235 1410 1681 154
238 1411 1649 107
239 1411 1666 107
241 1423 1664 151
242 1423 1660 151
244 1426 1694 111
245 1426 1676 111
247 1433 1701 118
248 1433 1700 118
250 1434 1757 116
251 1434 1757 116
253 1440 1663 120
254 1440 1660 120
255 1442 1696 108
257 1442 1671 108
259 1444 1705 114
260 1444 1709 114
262 1447 1668 144
263 1447 1589 144
270 1468 1707 130
272 1468 1708 130
273 1468 1763 133
275 1468 1763 133
277 1476 1763 135
278 1476 1763 135
280 1480 1713 179
281 1480 1704 179
283 1490 1721 145
284 1490 1706 145
286 1491 1708 157
287 1491 1722 157
293 1499 1704 110
294 1499 1709 110
296 1506 1763 125
297 1506 1757 125
299 1510 1726 155
300 1510 1737 155
302 1510 1763 159
303 1510 1744 159
315 1527 1763 128
316 1527 1763 128
320 1528 1763 626
321 1528 1763 626
322 1529 1763 148
323 1529 1763 148
325 1538 1763 625
326 1538 1763 625
328 1541 1763 147
329 1541 1763 147
330 1541 1763 203
332 1541 1763 203
333 1527 1763 126
338 1527 1763 126
345 1544 1763 205
346 1544 1763 205
349 1557 1763 166
350 1557 1763 166
352 1561 1763 160
353 1561 1763 160
355 1562 1763 196
356 1562 1763 196
358 1563 1763 176
359 1563 1763 176
363 1563 1763 139
364 1563 1763 139
367 1569 1763 142
368 1569 1763 142
370 1570 1763 180
371 1570 1763 180
372 1571 1763 183
374 1571 1763 183
375 1572 1763 181
377 1572 1763 181
379 1577 1763 123
380 1577 1763 123
381 1579 1763 150
382 1577 1763 119
384 1577 1763 119
386 1579 1763 150
387 1583 1763 164
389 1583 1763 164
391 1586 1763 132
392 1586 1763 132
394 1589 1763 177
395 1589 1763 177
397 1590 1763 263
398 1590 1763 263
399 1591 1763 221
401 1591 1763 221
402 1593 1763 198
404 1593 1763 198
406 1596 1763 153
407 1596 1763 153
411 1606 1763 113
412 1606 1763 113
413 1609 1763 200
415 1609 1763 200
417 1617 1763 197
418 1617 1763 197
432 1642 1763 232
433 1642 1763 232
447 1650 1763 231
448 1650 1763 231
450 1650 1763 238
451 1650 1763 238
453 1661 1763 186
454 1661 1763 186
456 1661 1763 242
457 1661 1763 242
460 1661 1763 254
461 1661 1763 254
462 1664 1763 253
463 1664 1763 253
465 1665 1763 241
466 1665 1763 241
468 1667 1763 239
469 1667 1763 239
471 1669 1763 262
472 1669 1763 262
473 1672 1763 234
475 1672 1763 234
476 1672 1763 257
478 1672 1763 257
479 1677 1763 245
481 1677 1763 245
483 1681 1763 224
484 1681 1763 224
488 1682 1763 235
489 1682 1763 235
491 1690 1763 223
492 1690 1763 223
493 1692 1763 184
495 1692 1763 184
497 1693 1763 220
498 1693 1763 220
499 1695 1763 244
501 1695 1763 244
503 1697 1763 255
504 1697 1763 255
506 1701 1763 248
507 1701 1763 248
509 1702 1763 247
510 1702 1763 247
512 1705 1763 281
513 1705 1763 281
514 1705 1763 293
516 1705 1763 293
518 1706 1763 259
519 1706 1763 259
521 1707 1763 284
522 1707 1763 284
524 1708 1763 270
525 1708 1763 270
527 1709 1763 208
528 1709 1763 208
530 1709 1763 272
531 1709 1763 272
534 1710 1763 260
536 1710 1756 260
540 1710 1763 294
542 1710 1763 294
548 1714 1763 280
549 1714 1763 280
550 1718 1763 228
552 1718 1763 228
554 1718 1763 137
555 1718 1763 137
556 1720 1763 206
558 1720 1763 206
560 1722 1763 283
561 1722 1763 283
563 1723 1763 287
564 1723 1763 287
566 1727 1763 299
567 1727 1763 299
570 1738 1763 300
571 1738 1763 300
572 1744 1763 230
574 1744 1763 230
578 1745 1763 303
579 1745 1763 303
582 1758 1763 251
584 1758 1763 251
585 1758 1763 250
587 1758 1763 250
589 1758 1763 297
590 1758 1763 297
592 437 682 635
604 1760 1763 536
606 1709 1763 286
607 1709 1763 286
612 1496 1763 129
613 1496 1763 129
625 1263 1537 89
626 1263 1527 89
634 149 422 1
635 149 436 1
